# gauss
-------------------------
phas1 = 0.87385515 +/- 0.00000000
fwhm1 = 0.15976569 +/- 0.00000000
ampl1 = 0.62472793 +/- 0.00000000
phas2 = 0.43548807 +/- 0.00000000
fwhm2 = 0.24658167 +/- 0.00000000
ampl2 = 0.37527207 +/- 0.00000000
const = 0.00000000 +/- 0.00000000
-------------------------
