# gauss
-------------------------
phas1 = 0.14057902 +/- 0.00000000
fwhm1 = 0.03828292 +/- 0.00000000
ampl1 = 0.06912233 +/- 0.00000000
phas2 = 0.16925995 +/- 0.00000000
fwhm2 = 0.14973079 +/- 0.00000000
ampl2 = 0.43827850 +/- 0.00000000
phas3 = 0.69906342 +/- 0.00000000
fwhm3 = 0.13061170 +/- 0.00000000
ampl3 = 0.31869661 +/- 0.00000000
phas4 = 0.59871316 +/- 0.00000000
fwhm4 = 0.11529731 +/- 0.00000000
ampl4 = 0.15210700 +/- 0.00000000
const = 0.02179557 +/- 0.00000000
-------------------------
